47008
1
2
3
4
29261
9
46490
10
13
46039
14
52919
45955
18
19
43780
21
7088
54113
46547
23
27
42458
39324
38898
46164
31
32
33
34
36
37
38
39
41
40242
42
42745
45953
48
50
43
44
46534
57
39868
58
59
60
61
43891
63
38693
55106
66
67
35912
68
69
70
71
6794
42244
53220
72
73
74
89
91
93
94
46619
96
97
43596
54031
42525
104
55606
40398
39438
108
52922
46633
54361
54042
38701
112
46683
35790
114
55237
55597
115
11008
122
125
126
36831
127
27431
55045
128
129
32284
27596
134
139
29546
141
142
452
25681
43884
43577
50779
27526
26417
146
147
53102
148
149
150
154
107
6795
38991
87
40001
26444
55259
43521
53545
3267
3703
39212
51953
157
6799
159
47914
161
162
165
47025
180
53234
182
183
189
39789
195
197
199
200
38895
203
204
205
52841
206
39666
52589
54627
51957
52182
208
210
456
211
55039
213
50338
216
6800
217
219
11345
29150
223
46429
225
29095
31664
227
46681
53543
6802
41909
35972
26701
231
233
234
235
236
239
11516
240
241
42349
246
25587
26443
251
252
253
254
260
266
262
46162
268
53142
271
43871
272
46617
280
281
282
285
27558
43920
307
6805
310
43332
27530
311
53192
314
315
316
318
320
321
322
28893
325
40277
571
50344
290
47931
55110
291
299
319
46256
55306
53914
42369
330
331
333
51569
39483
39549
334
341
342
28891
53219
343
344
54242
7294
29414
351
28959
29064
28889
47915
6807
356
357
359
360
50342
51567
364
365
366
295
304
292
301
41153
312
294
303
305
54570
29255
46580
43852
372
53170
373
374
43935
46530
376
377
378
26878
379
381
382
384
386
388
389
453
53233
391
39790
42356
27494
397
404
405
406
407
42350
27433
408
409
412
413
415
30778
416
55108
451
419
39638
422
423
51827
26525
428
430
432
433
53344
27388
6811
437
438
439
51987
1459
2490
2502
442
447
42750
476
478
6812
46057
53212
50351
480
54038
482
483
55027
484
488
55253
43583
7074
6814
492
45970
43864
495
496
39332
501
502
6815
504
506
508
509
510
31728
32159
511
512
513
516
520
522
524
43578
39567
26520
525
31404
40283
472
6816
40276
533
6820
536
537
539
43860
46417
540
541
544
52148
545
546
549
466
462
557
558
42240
560
561
29123
562
51825
46675
10174
568
36062
572
52162
10995
574
577
46155
580
581
582
583
584
585
586
589
590
591
40048
593
46545
597
6821
55450
602
603
41073
604
45960
608
609
610
611
612
7062
52915
52911
50345
618
6822
619
621
622
623
31722
624
625
817
54030
626
627
6823
628
629
630
6824
631
632
633
634
635
636
46083
637
638
639
640
641
642
819
643
644
645
646
43574
647
650
651
41944
51840
3706
41945
46516
55549
652
653
52167
654
656
32621
54362
53685
660
53141
661
662
664
7581
7083
669
670
672
673
674
675
43328
54655
678
27384
55034
35925
679
680
40582
681
682
683
684
686
687
688
667
658
663
40023
689
691
692
693
6826
694
7039
696
695
697
46071
45881
46227
46167
700
55374
701
11455
11338
43334
46434
27406
52909
702
703
704
705
706
707
40562
53418
55099
709
712
713
716
717
53152
718
46093
719
720
721
6829
722
723
47603
724
725
726
727
28988
728
36058
729
730
30763
41957
46568
46149
731
732
733
735
55114
28920
738
741
53373
743
745
54040
746
46006
748
749
10382
750
751
31499
752
25689
52174
7046
753
754
755
756
54369
47780
757
760
762
763
6831
764
6832
6833
53167
768
771
6834
772
773
54033
45900
774
11001
775
776
30905
778
779
780
7090
783
784
39208
787
42751
36014
790
820
769
791
38827
792
793
46614
794
795
796
797
798
799
46415
800
46195
801
802
803
804
35833
805
43933
11157
35892
806
50785
808
11186
42371
11002
11187
32615
46442
809
47863
810
821
811
812
26447
43917
813
814
47927
37645
7027
837
47794
840
842
27212
844
845
46008
849
850
851
43802
50334
852
854
45972
855
856
6840
829
827
860
826
43345
832
55533
831
50776
42383
46606
9574
28884
7962
834
828
11360
859
861
862
863
864
25597
865
867
868
869
870
30904
871
52990
39451
43753
872
873
874
875
876
45996
877
878
879
880
881
882
883
884
46699
45345
6845
886
889
39882
890
891
39562
892
893
25674
894
47782
43873
6848
898
53171
43359
899
40295
900
901
41099
902
903
904
46504
53294
6849
905
906
907
908
2162
909
7038
910
911
912
28997
913
914
53574
31591
915
916
917
46905
918
25690
27224
919
920
11456
921
26440
42752
922
923
924
925
7105
926
927
54249
928
46033
42782
42784
7081
929
931
46643
1210
52998
933
934
935
936
937
938
43865
939
940
47787
51565
941
943
6854
6855
40012
6856
6857
957
6858
958
959
961
962
963
949
954
947
979
955
945
983
978
27422
966
965
967
43945
968
6860
6861
969
1207
970
46831
971
7582
972
973
974
39004
984
985
986
1208
28953
987
51979
6865
989
990
991
992
993
995
29135
996
997
998
6867
46394
1002
39335
39561
1003
1004
52884
47890
1006
50349
27416
27495
54035
1007
1008
1012
1013
1014
6868
27207
1015
1017
1018
1019
2606
1020
1022
6869
951
946
982
953
1026
1027
46711
29096
39970
1028
6870
1029
42733
1030
6871
7091
1035
41970
1036
1037
39891
6872
41959
1039
1040
43874
975
46141
1043
28917
41907
1044
27474
1045
54350
54366
1047
1048
1049
1050
1051
1052
10799
46686
1053
1056
1057
1058
1059
1060
1061
7073
6876
26262
1064
1065
1066
1067
6879
1070
1055
1072
6928
6927
1073
1075
1077
1078
1079
40567
43851
1081
6882
6883
6884
1083
51589
1084
1086
1087
1088
29262
1095
11113
1099
1093
26414
1091
6885
11015
43582
1092
1097
7095
1098
1100
1101
1102
1104
1106
1107
27610
46423
1108
35575
43366
1109
55612
1110
1111
1514
2541
2520
1113
1114
1115
1116
1117
1118
1119
1120
1121
1122
1123
6889
1124
1209
1125
1126
40140
1127
1128
1129
41169
1130
1131
1132
1133
1134
43669
1135
46165
1136
1138
1139
6890
39568
1140
1141
1142
1143
26529
1144
1145
1146
1147
40267
1148
1149
1150
1151
6891
1153
1154
46570
1155
54653
1157
1158
11188
1159
53146
46440
1161
1162
46612
1163
1164
39306
1167
53211
53209
1168
6893
6894
1170
1171
1172
4681
1177
1181
55610
1186
40142
28892
26457
41953
39287
1187
35576
35952
1188
1189
3128
1191
1192
1193
1194
1195
1196
1197
47932
1198
54368
1199
1200
1203
1204
1205
46798
1206
46631
6895
46790
6896
1213
51849
39645
52916
39758
1214
1215
6897
1341
1217
1218
1219
1211
42848
42846
39325
1222
1224
1225
1226
46885
43340
10175
1340
1229
1230
1231
55255
53370
1233
1234
42229
50778
42815
38829
1237
1238
1240
1242
42726
46637
9294
1245
1246
52580
1248
1251
51415
6899
1252
52860
1253
6900
1254
1255
47933
1257
53156
30908
1259
32198
38694
39683
55443
1261
1262
39787
1263
1264
1265
1266
1267
1269
6902
5222
43870
55320
1270
39450
1273
55616
1276
1279
1282
1283
1284
1285
1286
1287
11216
43881
1288
1289
1290
1291
1292
27437
6904
1294
1295
47598
31408
1296
27401
42857
1297
11518
1298
1299
1300
45968
1301
30909
54346
55373
52762
1302
1303
1304
1305
39551
1306
46462
6905
55598
55609
1308
1309
55311
1310
53358
1311
1312
1313
1314
31589
1315
1316
1317
46608
1318
54027
1319
1320
53681
26376
35951
1321
1322
27578
1323
1324
1325
1326
7089
1328
1329
1330
1332
1333
6906
1334
54344
54240
1335
1336
43272
1338
46510
1342
1339
6907
41144
46172
1343
1344
1345
6909
1346
1363
46496
1348
43850
1349
47027
52996
1350
1351
1352
6910
42491
1353
1354
53375
47796
39682
6911
1355
1356
1357
1358
1359
36060
1360
1361
1362
7049
53214
42864
52924
1364
40055
35791
41901
47609
55377
54274
40287
1366
54111
39667
1368
1369
1370
42818
1371
1373
1374
5287
43943
1377
1378
1379
27201
1380
43875
1383
46892
1384
1386
1387
1388
1389
31558
50773
1391
1392
1393
46492
7101
1394
1396
43886
1397
43323
53160
40003
1398
6915
6916
6917
1400
1401
55233
1402
1403
41897
1404
1405
55457
1406
1407
1408
43602
53222
54021
1409
1410
1411
53215
6919
1412
46502
1413
1414
1415
1416
1417
1418
1419
1420
1421
1422
1423
1424
39785
1425
1426
43909
1427
1428
27104
54029
1429
47791
1430
27221
1431
1432
1433
43600
1435
1436
1439
1442
1443
31306
1444
53161
1446
43915
42463
1451
53148
1452
35970
27489
1456
40169
6920
6921
6922
1623
45907
1458
1467
1468
1469
54043
53252
6923
1473
11029
10999
1474
1475
10343
42378
46881
1476
1477
43594
1478
1481
1466
1480
1463
43321
46506
1483
1484
46878
1485
53213
45983
11433
39528
45986
46226
26408
1490
47021
6930
6931
6932
52850
39442
39878
25680
55376
43558
1493
42829
2477
2362
1495
1496
53254
1497
46414
51981
53235
55129
1498
53168
54018
41139
1499
1500
1501
1502
2488
45990
27483
1505
1507
6933
1464
55602
51833
1511
1512
6935
43568
1472
53673
40566
6951
43379
1494
6926
39635
30915
43420
1515
1516
1517
11114
8957
1519
43879
2168
7106
1522
6938
6939
31308
1523
2903
11451
6941
11208
54667
1524
38854
47916
1526
52914
27542
29079
1527
1528
30906
46561
1529
42821
3142
106
6944
41905
1532
1533
42850
51817
1535
1536
1537
1538
1539
1540
1541
1542
1543
51977
6946
1544
1545
1547
52907
26577
1548
1549
52152
1550
1551
1552
39711
1554
55596
1555
46073
54349
1556
50336
1557
1558
46109
1560
1561
1562
42495
6947
1563
38900
1564
1565
1566
1567
1568
10333
1572
53571
1573
2851
53993
29065
50781
51411
1574
39556
818
29138
40354
40341
40367
32288
6948
53722
46826
42739
39892
39706
1575
1576
43913
46037
41296
53851
43883
39766
7047
40337
6949
40179
6950
32667
39547
11479
27537
29139
6952
43487
30802
40156
31324
42790
39334
29118
3757
43353
43562
25683
46907
46498
1578
46576
1579
47930
1580
40279
1581
30765
42728
1582
6954
1583
1584
1585
27543
1587
1588
1589
1590
1591
1592
1593
27480
1594
1595
6957
1596
6958
1597
1598
1599
1600
1601
1602
1603
1604
1606
54360
1607
1608
1609
38698
1610
1611
1612
1613
1614
1615
1618
42738
1619
1620
53867
1559
1621
1622
26386
1626
55532
1627
47913
1628
7383
1629
1631
1632
1634
52997
1635
1636
46713
1639
55231
1640
1641
1642
11209
6961
1643
39639
1644
6962
43325
41778
1645
1646
1647
1649
25676
6963
1650
51835
55440
1652
1653
46690
1654
39301
1655
1656
53197
1657
46003
6966
27350
46572
1659
1660
1661
47788
39302
1662
46709
1663
1664
1665
1666
1667
1668
1669
1670
39660
1671
29254
1672
46176
1673
1674
27506
6967
1675
6968
1676
39765
1677
1678
1679
6969
1680
1681
1682
1683
47657
47656
47658
1684
1685
46101
1686
1687
43592
53567
1688
1689
1690
51573
1691
31405
1693
1694
6970
1695
1696
1697
1698
1700
1701
55600
1702
1703
28923
11458
26442
28945
1705
11032
53221
28914
1706
1707
1708
1709
1704
1711
53360
1712
1713
53672
6971
6972
6973
1715
39396
1716
1717
1718
1719
1720
1721
55547
1722
1723
25588
53053
27418
1724
1725
1726
52142
1727
6975
1728
54041
1748
1729
1730
47020
1731
6976
7069
1760
1732
1733
1787
1734
6977
1735
52156
52160
26445
54232
45951
1737
1738
31588
1739
1740
45962
1741
6978
11383
55384
1742
1743
1744
1745
51823
1746
40146
6979
11356
1747
27516
54365
1749
43572
1750
55244
1751
1752
1753
39288
53721
46809
1754
39426
1755
1756
1757
6981
46670
1758
1759
11511
1761
1763
1765
1766
1767
1768
1769
39763
1770
1771
30764
52593
55028
1778
41771
42440
1780
43894
1782
29087
1783
6983
1784
1785
1786
1788
1792
1795
6984
1796
54270
1797
6985
25707
1798
55372
1802
1803
46043
55595
25691
53686
1804
1807
10409
10408
1809
1810
1811
1812
53138
1813
1814
43085
1815
1816
1997
47037
46880
26419
1817
1818
1819
1820
43570
1821
1822
55093
1823
1824
1827
43573
1828
1829
1830
1831
1832
1833
1834
1835
1836
1837
31500
1838
38992
54647
1839
6986
1840
1841
46508
1842
1843
1844
38788
1845
1846
1848
42635
1849
39218
27087
1852
1853
1854
1855
1856
1857
1858
1859
1860
51372
1861
1862
46894
1863
1864
1865
1866
1867
1868
1998
7084
1869
31407
46890
26600
1875
1876
42825
46806
40135
1880
1881
1883
1885
1886
1887
25719
6988
6989
6990
6991
1890
46796
6992
1891
1892
32286
51557
1894
6993
41142
6994
1896
1897
1899
41772
1900
1901
42410
1902
1904
42862
25585
1905
47711
1906
1907
1908
1909
53682
1910
53045
42432
52578
43922
1911
1912
47602
1913
1914
1915
10919
39669
1917
1918
35858
1919
1920
11514
1921
1922
47892
1923
1924
1925
27532
1926
46835
1927
52166
1929
46610
1999
51973
1931
32665
6999
1933
39559
1934
1935
1936
55095
1937
1938
1939
39553
8864
1940
1941
47779
1942
42434
46635
1943
1944
1946
1947
1948
1949
29098
1950
1951
1952
1953
43892
1954
1955
1960
1961
1965
1966
1967
1968
1969
1970
1971
1972
1973
1975
1978
27428
40361
51831
3354
1979
1981
1983
43861
40152
47934
2098
2140
1985
1986
1987
46792
1988
7004
1989
42907
40340
2389
1990
47790
50353
40360
52173
1992
1956
1996
1957
31567
40274
7729
42740
1958
47040
47415
1962
31566
27459
42748
55309
52584
43673
1993
41135
1994
51559
7005
42231
39883
2000
2001
51969
45998
40647
2002
2003
55548
2006
2007
25686
2008
2009
2010
7007
46800
55537
2012
2013
2015
7008
2016
46883
2017
44007
2019
2020
2021
2022
47989
2024
2025
2026
2028
2029
2030
2031
2032
2033
2034
43903
2035
7111
2036
2037
2038
2039
2040
2041
2042
2043
2044
2045
2046
41898
2047
2049
42884
46067
2050
2051
2052
2053
2054
7114
2055
7115
53412
46802
7116
2056
45994
32620
32619
32618
39653
39652
46095
25650
43777
2059
45980
2060
7117
2061
26449
41903
31570
2062
2063
2064
2065
46052
2066
2067
2068
54036
46117
43541
7118
52903
31994
35967
54034
7119
42796
2069
2070
2071
2072
52591
2073
2074
2075
27105
2076
2077
2078
2079
2080
54363
43581
50783
47895
2084
53206
7120
46574
2086
2087
2088
5745
2089
2090
2092
2093
46526
2094
2095
2096
54032
2097
42755
2099
46804
38897
2100
2101
54364
2102
2103
2104
2105
2106
53764
27479
2107
7078
2108
2109
2110
2111
27482
2112
27436
2113
2114
7121
46679
2116
2117
43856
2118
7122
27414
7123
2119
46912
2120
7125
29090
2121
2122
2123
2124
7126
2125
41781
2126
2128
2129
53558
2131
2132
2133
46813
52905
2135
47039
2136
2305
7127
2138
2137
43901
2139
2141
52146
2142
27492
2144
38696
2145
2146
51955
2147
2148
2150
51403
10386
2151
2152
42879
55449
2153
46922
2154
2155
11476
2156
27446
7064
39673
26446
2157
27438
2158
42362
2159
55451
2160
2161
46564
2163
43907
11159
42837
2164
43888
2165
2166
7129
4716
51829
46153
2167
7163
2169
55091
2170
46697
2171
2172
41605
55607
2174
2175
47606
27196
2176
2177
2178
2179
2180
2181
2182
2183
7131
53374
55248
53610
55305
40357
46180
7132
2185
2186
54347
39563
2187
2188
55136
54276
2189
2190
46159
2191
2192
2193
7135
2194
2195
2196
2197
46174
2198
2199
7136
7137
50346
52882
2200
53413
46432
2201
2202
2203
2204
43601
2205
2206
2207
2208
2209
2210
53887
2211
27678
2212
2213
2307
2214
2215
39877
40071
2216
2217
55594
55037
46059
2219
2220
2222
32363
46969
2223
10804
2224
2225
35832
2226
2227
31406
2229
2230
2232
2233
39715
42367
25598
2234
27424
53862
2235
2306
2236
46081
27460
46014
43857
2237
2238
2239
2240
2241
38994
53409
2242
43872
2243
2244
2245
2246
2247
2248
2249
46063
2251
7140
2252
2253
2254
7141
2256
52920
2257
2258
2259
2260
2261
2262
42534
2263
2264
2265
2266
25673
7142
43955
2268
41951
42373
53190
7145
2269
2270
2271
2272
51469
53879
2273
2274
7059
2275
27545
2276
10814
27496
2277
40468
51971
53154
55044
2278
2279
2280
48003
2281
2282
25711
26708
43598
55104
7146
25586
2283
2284
2285
50347
2286
2287
2288
35578
46707
39209
35911
26458
2290
6853
2291
2292
44312
2293
8212
2294
2295
2296
2297
39329
2298
2299
55224
7147
7148
29091
2300
2301
2302
2303
38989
46909
27476
2304
43866
11425
11424
2309
27420
2310
2311
10743
7149
27521
51579
42746
2312
2313
31993
31590
27638
2314
29291
2315
2316
2317
2318
2319
41130
2320
53576
2321
2322
11003
2323
2324
2325
2326
2327
38830
2328
2329
2331
42866
2332
26392
2333
2334
2335
31587
52878
2336
2337
2339
2340
2341
53839
2342
40272
53556
2343
2344
2345
2346
2347
2348
2349
2462
53237
42860
42756
2350
2351
2352
2353
53400
2354
43257
2356
2357
2358
2360
2361
2363
2364
39973
50774
46518
2365
43928
53217
2367
2368
2369
7151
2370
9658
11440
7048
2371
2372
2373
2374
2375
2376
26518
42844
2377
47785
53047
2378
2379
26521
2381
2382
2465
2383
2384
2385
2386
35579
51837
43877
7024
2387
7154
7155
43586
2391
2393
2394
2396
2397
45898
2398
55438
2399
41955
2400
2401
53675
2403
2404
26578
2405
2406
2407
2408
43587
53671
27497
2409
2410
40150
2411
2412
46536
54244
2413
55456
2414
2415
31586
10316
2416
46822
2466
2417
2418
2419
2420
2390
2392
2421
2422
39637
11437
53727
53253
2423
39211
2424
2425
53356
2487
2427
2426
50252
2428
7082
2430
2431
2432
43603
2433
2434
2435
2436
2438
2439
2440
2441
2442
2443
2444
2445
2463
2447
42731
2448
54367
41602
2449
46794
2450
2451
2452
2453
2454
2455
2456
39672
7159
46061
11010
7058
53218
2458
2459
2457
7677
47789
42734
53224
53538
2461
2464
2505
2506
2507
2508
2510
50775
2511
2512
2513
2514
2517
2530
2531
2532
2533
28948
53578
55112
2537
2521
50780
53350
50354
2500
2497
2499
2493
2486
2476
2473
43393
2501
52876
10334
27442
7162
2483
50784
11450
11448
43330
55042
11447
2524
2498
43924
52172
53688
39449
11446
11445
32206
2518
42701
2479
3863
2816
47594
47023
2474
2482
2538
2539
11332
2542
2543
7165
29014
2545
43599
2546
52923
2547
2548
2732
55316
2549
2550
2551
2552
2553
25698
53684
2544
10317
2554
2555
7020
29140
46012
2556
53139
2558
2559
2561
46818
2468
2494
2492
2480
52587
2469
2470
51965
26382
6801
46811
27374
26363
27572
53416
2519
11206
54651
55097
43343
2475
39640
2267
2495
43889
7169
27386
2485
4094
7097
2564
7170
41604
2471
2503
2528
2529
11475
28888
39331
2566
2567
2568
2569
52154
27512
2570
43876
50772
2571
52574
47600
27152
2572
2573
2574
2575
2576
2577
42842
47919
25638
41105
39671
51413
43569
46877
2578
2579
29260
2580
2581
2582
51985
26345
32207
26404
46075
2584
2585
2587
2588
2589
43918
2590
2591
2592
27412
2593
11158
2595
2596
2597
2598
47778
2599
53869
38826
2603
2604
2605
7172
27205
2607
27399
2608
2609
7173
2610
2611
2612
7174
2613
2614
2615
2617
2619
2620
2624
2625
43939
2626
10655
39893
46586
46488
54343
2627
43905
52180
2628
41151
46427
2629
2630
2631
2632
2623
2622
54022
2633
46639
2636
2637
28998
2638
46111
2639
2640
41603
40154
46701
46105
2641
41947
41946
2642
2643
2644
27607
53055
47016
26383
26401
42520
2646
2647
2648
2649
50234
2650
31726
2651
2652
6577
2654
2655
2656
46888
2657
2658
2659
2660
2661
2662
2668
2669
2670
2671
2663
2673
2674
2675
2676
2677
2678
2679
2680
3705
2681
39220
2682
2664
2683
2684
2685
2686
2687
2688
50356
30808
2689
2690
46644
2665
2666
2667
53690
2691
2692
2693
2694
2621
2695
2696
2697
2698
7178
32197
2699
2700
52991
2701
46512
2702
7250
54028
10390
2703
54253
2704
2706
28996
47562
46143
2707
29258
39333
2708
2709
55313
53137
2710
55452
2711
2712
2713
46965
27539
2714
53687
2716
2717
2718
2719
2720
2721
43885
2722
43349
2723
2724
2725
55116
45977
2726
2727
2728
52901
7179
2729
2730
42835
55383
2737
2738
27689
2739
27487
2741
46582
2742
2743
46069
50352
2744
2746
2748
2734
2733
2735
2749
39634
2751
2752
2753
11438
2754
53683
2755
2756
32290
2758
2760
2761
2762
2763
55040
53165
2764
2765
2766
31665
2767
2768
2821
2769
2770
2771
2772
2773
2775
2776
2777
2778
45992
2779
2780
2781
2782
2784
2785
7183
46557
2787
2788
2789
2790
27552
43298
10798
2792
2793
2794
2795
2796
2797
55222
2798
2799
7066
2800
2801
2802
2803
2804
2805
54026
2806
2807
31727
2808
2809
2810
55029
50465
43591
2811
42447
2812
2813
2814
2815
26575
2817
2818
2819
7184
27408
26672
2822
55540
11439
7185
43580
2823
2824
2825
2826
2827
7186
2828
2829
2830
2831
2832
2948
55242
27202
2833
31307
2834
2835
2836
2837
2838
2839
2840
40148
2841
42727
2842
2843
2844
2845
53166
47920
2846
2847
2848
2849
2850
53216
3692
2853
2854
10812
2856
11005
2947
53417
2858
2859
2860
46065
40144
3695
2861
2862
2863
54643
2864
42452
3693
53255
7187
3694
2865
2866
2867
53689
53677
2868
2869
29548
2870
46041
2871
2872
2873
2874
2875
2877
2879
2880
2882
7189
2883
25590
2885
45943
11011
25696
2886
2887
2888
7190
2893
54345
2895
2891
2892
2890
2896
2889
2901
11004
7191
43576
11379
2897
39217
44167
53346
2898
2900
53366
43863
7192
32208
26983
7193
2902
2904
11460
10934
53354
27571
2905
2906
2907
2908
29550
7196
54639
43588
7098
2911
2913
53188
2914
53676
39870
2915
2917
2916
2918
2919
2920
55601
55328
32289
53410
43593
7197
2923
52890
2922
52853
46555
2924
39304
2925
2926
40535
2928
2929
2930
2931
46627
2932
2933
2934
53865
2935
2936
2937
39584
2938
11432
27447
52169
2939
2940
2941
2942
2943
29100
46000
43880
2944
2945
39210
52582
55455
2952
41948
41949
2949
46695
55160
2957
7200
7201
2960
27498
2962
53371
2963
2965
2966
7202
2967
2968
53199
46010
2970
2971
2972
2973
2981
2985
30762
2986
2987
2988
2989
50348
2990
10796
38831
2991
43284
11006
7205
2997
3002
3004
43845
46514
3012
3014
3054
3015
55257
29110
29113
3016
3017
8125
53871
7056
3018
39557
3019
3021
3022
3023
3026
53364
3029
10392
11007
3030
3031
3032
31498
3033
3034
3035
41958
43853
3037
3039
3038
10997
3040
3041
3042
29259
47026
39834
3043
3044
3045
3046
3047
26581
3048
7211
3049
3050
46019
46705
53881
40355
40342
40368
42725
10966
50777
27464
43941
39713
43911
40465
40356
40358
10380
39006
3053
52807
55611
47917
3226
26454
3057
10918
3058
46228
52712
3059
3060
7104
3062
3063
27472
3064
3065
3066
10660
3067
3068
3069
7214
51405
46528
55235
3070
3071
3072
52710
3073
52993
52994
3074
41137
35969
55049
51575
3075
3076
3077
43931
3078
52910
3080
3081
3082
3084
3085
3086
3087
43597
39560
53140
3089
29093
3090
3091
55329
3092
3094
29142
27561
3096
3097
55538
3098
3099
3100
3101
3102
7215
3104
3105
52897
3106
3107
3108
10994
45939
3109
3110
3111
7216
7217
40289
3114
3115
43878
43882
3116
39838
55441
27579
26356
27504
3117
3118
25599
43899
3119
3120
47935
3122
3123
3124
3125
3126
3127
31409
3129
35949
3130
42381
3131
28951
53679
27443
46621
7218
7219
3133
3134
3135
43855
38700
27200
41146
3136
3137
3138
39554
3139
3141
3143
3144
25700
46970
25602
3145
46688
3146
3148
3149
3150
7223
3151
3152
3153
3154
3155
3156
3157
42352
53352
11464
53754
3159
46623
3160
3161
3162
3163
3164
3165
3166
3167
3168
29144
3169
3170
36064
25644
7660
3171
3172
3173
43796
7226
3174
46097
52654
3175
26522
3329
47038
3176
54044
3177
3178
3179
7099
3180
25652
158
3184
3185
46137
3186
3188
3190
3191
7227
7228
7229
7230
47599
44003
3193
3194
3195
7231
3197
55378
55379
7232
3199
3200
7233
27608
27577
3181
3183
41187
3187
42729
25692
3182
52918
3201
3202
39425
3203
52988
51847
3204
3205
3206
3207
46099
3208
42876
3773
27426
3209
3210
3211
46077
10318
3213
3214
3215
3216
7237
3217
3218
7238
3219
3220
3223
3224
29549
3225
11109
3232
3233
3234
46145
3235
3236
3237
46833
3239
36041
53051
3242
27382
3246
3247
3248
3229
3240
54657
51583
38703
40515
29671
3227
3230
30907
54351
3249
54637
3250
3251
3252
53415
39550
3253
7240
3254
46566
3255
10397
54025
3256
3257
3258
3259
3260
3262
55613
3263
43937
27576
54359
3264
54341
3265
42268
3266
27528
25704
27445
28930
11434
7033
46123
35789
7248
41999
27444
42094
7244
35793
53143
30934
29104
30935
2255
7246
7247
7245
3270
3271
3272
3273
3274
3275
3276
53208
30767
3277
3278
3279
3280
7251
26379
47784
3281
3282
55240
3283
54649
7252
3285
35971
3287
3288
3289
11477
55381
42840
51821
7254
7256
3293
3294
53058
3295
3301
3302
3303
55541
3298
26289
3297
40571
3299
53348
53569
55614
3296
7257
3306
27439
3307
3308
3309
3310
46673
38697
3311
7258
42732
3312
55038
26707
7259
38828
54571
3313
3314
3330
3315
3317
3318
3320
3321
3322
3323
1525
2491
3325
3326
3327
3328
3331
27397
47922
55545
3332
3333
32381
43792
3334
7262
3335
3336
3337
3339
3340
3341
3343
50350
7265
35898
7018
3347
3348
42792
53756
53236
3349
11132
3350
55604
3351
46425
3352
3353
40447
46522
53207
31663
31662
52734
7268
3355
3356
39555
3357
54278
3358
3359
3360
3361
3362
3363
3364
3365
3366
7044
25687
3368
26586
3369
3370
43270
3371
3372
3373
43868
3374
3375
53368
3376
3377
50786
3378
10349
3379
3380
3381
3382
3383
3384
3385
11467
3386
3387
55442
3388
11012
5219
7063
3389
3390
3489
3392
3393
3394
3395
3396
42233
54356
52886
52888
3397
3398
3399
42532
7269
7270
3403
3404
3405
3406
3407
3408
3409
3410
3402
3411
54602
47993
3413
3414
3415
3416
3417
40290
3418
51474
50771
3419
3420
3421
3422
52144
10734
3423
27210
52989
46850
47923
3425
3426
3427
3430
3431
3432
3433
3435
7271
3436
3437
27514
3438
3439
3440
7037
3441
46113
3442
3428
25682
41131
11000
3429
3444
3445
3446
3447
3448
3449
3450
3452
3453
3454
3455
3457
7274
3458
3459
43579
3460
3470
7275
46437
3461
53743
10588
3462
38702
3463
3464
3465
26393
3466
3467
50335
3468
50357
3469
51471
39845
3471
7276
51587
3474
51409
27575
26665
52164
29066
3475
3476
53563
42723
3477
41179
3478
47596
3479
3480
3481
3482
3483
3484
3486
55453
3488
45974
3492
3493
3494
3495
3496
54023
3498
3499
7277
3500
3501
3502
27258
3503
3504
3506
3507
3508
3509
3510
42730
7680
32666
3512
27449
3513
3515
55542
3516
3517
3518
3519
3520
53678
43869
3521
3522
3523
29029
11436
3524
3525
3526
29030
3527
3528
55543
3531
3532
46677
55032
3533
3534
39005
3535
3536
42800
3537
3538
3539
3540
3541
3542
3543
3544
55603
3545
3546
27499
3547
52753
3548
3549
7016
7278
3551
3552
55608
3553
3554
7279
3555
3557
3558
3559
3560
3564
27490
7110
3566
43584
44010
26667
25688
3568
42788
51842
3569
3570
11378
3571
3572
3573
3574
3861
3576
3577
3578
3579
3582
3583
3584
3586
3587
3588
3589
40293
3590
3591
3592
7281
3593
3594
53674
3595
53560
3596
3597
42861
3598
54246
3599
3600
3601
3602
3603
3604
3605
45988
3606
7284
3607
26715
3608
39439
3609
3611
27493
55041
31645
3612
3613
47783
3614
7287
3615
3616
3617
3618
3619
3620
27468
3621
3622
3623
3624
54024
55546
3625
7288
11128
3626
3627
3628
3629
55382
55036
3630
3631
3632
3633
51845
55536
3634
3635
3636
45966
7289
51949
3637
7290
3638
46139
41969
55615
51555
11435
11466
7291
39308
3639
3640
53565
7292
3641
31224
3642
41290
46824
46438
3644
11028
3645
3646
3647
3650
3651
3643
3653
7293
3654
3655
3656
3657
50337
52572
3658
9647
3659
3661
3663
3662
3664
7296
3665
7297
3666
3667
3668
3669
3670
3671
3672
3673
3674
3675
3676
3677
52678
53414
26980
3679
3680
3681
27395
3682
3683
27486
3684
53362
55380
53573
3686
27160
3687
3688
7298
7299
3691
3699
3700
3701
3702
3714
3708
3709
27462
3710
51959
3711
3712
3713
3715
3716
7307
3717
3718
3719
3720
46115
3721
3722
3723
3724
3725
11337
7308
3727
3728
3726
3729
3730
53405
3731
3733
25685
7061
47607
3734
3736
27473
3737
3744
7310
3745
39609
3746
3747
3748
3750
3752
51571
42872
3753
27465
3754
41101
3756
52995
3759
45989
46914
40128
3760
3761
3762
3763
3764
42749
3765
53372
3766
3767
38692
3768
38899
55454
3770
38699
3772
3775
32285
3778
3779
55444
3758
3739
3781
3782
3784
7313
7314
3786
3787
3788
3789
3790
3791
52171
3792
3793
47864
3794
7315
3795
51478
3796
3797
3798
3799
52751
3809
3800
3801
3802
3803
35973
3804
3805
3807
3808
3774
39548
3741
43357
3740
7317
3806
46693
41122
52089
3742
3810
3811
27534
3814
3815
3816
3817
3813
3818
3819
3820
7321
54037
3821
29106
3822
32616
46629
3823
3824
3825
3826
39990
3827
3828
3829
7322
3830
3831
3832
3833
46559
3834
3835
3836
3837
40285
3838
7076
3839
55031
46524
3840
3841
3842
3843
3844
3845
3846
3847
3848
3849
3850
11033
3851
3852
3853
3854
3855
3856
3857
3862
43590
3858
3859
3860
3864
3865
3866
3868
3869
3870
7325
53680
42698
3871
3872
3873
3874
3875
3876
3877
7080
3878
50355
55439
40045
3879
3880
42724
4073
46550
32664
3881
7327
1530
11465
2522
7328
3883
3884
46151
1531
2523
3888
6798
3890
3891
41103
3892
25693
26453
40270
29006
46816
3894
7013
3895
46578
3896
3897
36040
42806
3900
10654
3901
7072
3902
3903
3904
3905
3906
3907
3898
42801
7726
3899
39670
25600
3908
3909
3910
55386
53589
55250
55534
53582
3912
3913
27470
3914
7330
7331
7332
42804
3915
3916
3917
3918
3920
3921
7333
3922
3923
53590
53861
55544
53583
3926
3927
3928
46229
3929
3930
3931
3932
52899
54020
46085
3933
55318
3934
3935
10589
3936
43926
7335
53041
32287
39963
3938
7336
3939
3940
3941
28899
52750
3942
3943
3944
3945
3946
3947
39558
3949
3950
3951
3952
55102
51560
3957
3958
3959
3961
3962
54348
3964
28901
39836
3965
3966
3967
47018
3969
3970
3971
3972
3973
3974
11112
3976
43890
38695
3977
7339
43589
29152
3979
3980
3981
3982
3983
3984
3985
3986
3987
3988
3989
25633
3990
3991
54635
55605
3993
55535
45964
3994
3995
3996
51561
3997
3998
3999
43185
46055
4000
55227
4001
39570
4002
39764
4004
4005
4006
46045
4007
26354
4008
43293
54641
4009
52170
4010
4011
4012
4014
51961
4015
4016
4017
7341
4018
4019
43338
4020
4021
4022
4023
4024
4025
4026
4027
4013
4028
4029
4030
4031
4033
4032
46625
4034
53238
4035
4036
4037
7343
26367
26355
11013
27458
53483
8016
4038
7344
4039
4040
11481
4041
52713
42737
4042
4043
4044
4045
25637
4046
4047
46500
7102
4048
4049
4050
7982
4051
4052
4054
4055
4056
4057
4058
7345
4059
4060
11090
4061
4062
4063
4064
4065
4066
46532
11118
4067
4068
4069
4070
4071
4072
52913
4075
53169
29545
4084
4085
51581
4086
4088
4089
4090
4091
4092
42376
4093
27471
4095
4096
4097
4099
28919
4100
4101
4102
4105
55322
4107
4106
4108
4109
4110
4111
4112
4113
4115
4117
4118
53223
7070
4120
4129
4121
4122
4123
40024
7348
4124
4125
54355
4127
4128
4133
7053
4135
4136
51963
42744
4139
26774
43355
43563
51951
43604
43862
27466
7349
4143
46169
4144
4145
46520
52880
52908
4147
4149
4150
4151
4152
45941
4155
55229
4156
4157
4158
4159
4160
46916
25677
26372
4161
4162
4163
4164
28949
4220
4166
41133
4167
4168
43854
25640
47591
7352
4170
4171
51591
4172
4173
4174
29007
4175
52576
4223
4176
7353
7354
4177
42852
7356
4178
4179
4180
4181
4182
4183
4184
4185
4186
4187
4188
4190
4191
4192
53873
25601
53835
4193
4194
4195
41155
42043
42242
4196
7357
4197
4198
4199
40051
4200
4201
4202
35831
4203
4205
4206
4207
39569
32199
50782
43255
4210
46967
4211
4212
4213
4216
4217
7359
27393
4218
4219
51577
43595
4221
4222
4226
4227
4228
4229
46049
54272
4230
4231
4232
4233
35901
38894
4234
4235
7360
29154
4236
4237
7361
4238
4239
4240
46829
47800
4242
4243
4244
46079
4245
40551
4246
11461
27485
4247
4248
4249
4250
4251
4252
47781
4253
4254
4255
4256
4257
4258
4259
4260
4261
4262
4263
4264
4266
4267
4268
55445
4269
4270
4271
43585
46107
7364
4273
46421
4274
11215
4275
4276
43221
4277
47786
4278
40435
4279
43540
55599
55225
4280
4281
4282
4283
4284
4285
4286
4287
46820
46739
4288
55033
52168
46972
7365
27204
4289
4290
4291
4292
4293
4294
4295
7367
4296
41574
53877
4297
4298
4299
4300
42408
4302
4303
4304
4323
4308
4309
10319
4311
4312
4314
7371
42881
47777
4315
4322
43897
4317
52992
7372
4318
4316
52595
4319
4320
4321
4327
4330
4347
29097
4333
7374
4334
35792
4335
4336
4337
4339
4341
38843
4342
4343
55307
4349
4350
4351
29094
55385
40560
43575
39552
4352
35899
42747
4353
4354
53024
4355
27522
4357
4358
4359
4356
38851
43887
4361
4362
7378
4363
4364
4365
4366
40471
4367
4373
7380
4374
4375
7381
4376
4377
4378
53854
43895
4379
46147
55375
7382
46703
4380
10810
42874
43893
51594
4381
4382
4383
7026
4385
35900
4386
4388
42757
4389
54352
7384
4390
4391
4392
4393
4394
4396
25702
4397
4398
50466
31501
4399
4400
54039
4402
39007
4403
46494
4405
7055
4409
7043
4410
29136
4406
47608
4411
50339
47022
4412
4413
7386
11444
25713
31502
46135
11453
11454
25709
27027
47921
51975
4438
10811
4414
4415
4416
4408
4417
55043
4418
4420
4421
4422
4423
4424
4425
4426
25675
4427
7387
46157
4428
4429
52158
4430
55539
55270
55332
27502
4431
4432
52917
7023
46047
4433
4434
55246
45949
4435
4436
4437